Domain
3.0 3.0 3.0

Mesh
EQuadrilateral
3 3 3

NumberOfFractures 3

Fracture 0 4
 315682.502274    314591.010759     314249.497726     315340.989241
7479795.30492    7479233.36621     7479684.69508     7480246.63379
   2405.43225964    2514.25276691     1419.42774036     1310.60723309

Fracture 1 4
 316400.00     315590.00    315590.00    316400.00
7480090.00    7480090.00   7480090.00   7480090.00
   1410.00       1410.00      2220.00      2220.00

Fracture 2 4
 315323.497619   315316.784538   315396.502381   315403.215462
7481048.46577   7481128.18362   7480181.53423   7480101.81638
   1300.           2250.           2330.           1380.